{
 "cells": [
  {
   "cell_type": "markdown",
   "metadata": {},
   "source": [
    "# ECE285 Assignment 1: Neural Network in NumPy\n",
    "\n",
    "Use this notebook to build your neural network by implementing the following functions in the python files under `ece285/algorithms` directory:\n",
    "\n",
    "1. `linear.py`\n",
    "2. `relu.py`\n",
    "3. `softmax.py`\n",
    "4. `loss_func.py`\n",
    "\n",
    "You will be testing your 2 layer neural network implementation on a toy dataset.\n",
    "\n",
    "TO SUBMIT: PDF of this notebook with all the required outputs and answers."
   ]
  },
  {
   "cell_type": "code",
   "execution_count": 1,
   "metadata": {},
   "outputs": [],
   "source": [
    "# Setup\n",
    "import matplotlib.pyplot as plt\n",
    "import numpy as np\n",
    "\n",
    "from ece285.layers.sequential import Sequential\n",
    "from ece285.layers.linear import Linear\n",
    "from ece285.layers.relu import ReLU\n",
    "from ece285.layers.softmax import Softmax\n",
    "from ece285.layers.loss_func import CrossEntropyLoss\n",
    "from ece285.utils.optimizer import SGD\n",
    "\n",
    "%matplotlib inline\n",
    "plt.rcParams[\"figure.figsize\"] = (10.0, 8.0)  # set default size of plots\n",
    "\n",
    "# For auto-reloading external modules\n",
    "# See http://stackoverflow.com/questions/1907993/autoreload-of-modules-in-ipython\n",
    "%load_ext autoreload\n",
    "%autoreload 2"
   ]
  },
  {
   "cell_type": "markdown",
   "metadata": {},
   "source": [
    "We will use the class Sequential as implemented in the file assignment2/layers/sequential.py to build a layer by layer model of our neural network. Below we initialize the toy model and the toy random data that you will use to develop your implementation."
   ]
  },
  {
   "cell_type": "code",
   "execution_count": 2,
   "metadata": {},
   "outputs": [],
   "source": [
    "# Create a small net and some toy data to check your implementations.\n",
    "# Note that we set the random seed for repeatable experiments.\n",
    "\n",
    "input_size = 4\n",
    "hidden_size = 10\n",
    "num_classes = 3  # Output\n",
    "num_inputs = 10  # N\n",
    "\n",
    "\n",
    "def init_toy_model(): \n",
    "    np.random.seed(0)\n",
    "    l1 = Linear(input_size, hidden_size) # Linear layer\n",
    "    l2 = Linear(hidden_size, num_classes)\n",
    "\n",
    "    r1 = ReLU()\n",
    "    softmax = Softmax()\n",
    "    return Sequential([l1, r1, l2, softmax])\n",
    "\n",
    "\n",
    "def init_toy_data():\n",
    "    np.random.seed(0)\n",
    "    X = 10 * np.random.randn(num_inputs, input_size)\n",
    "    y = np.random.randint(num_classes, size=num_inputs)\n",
    "    # y = np.array([0, 1, 2, 2, 1])\n",
    "    return X, y\n",
    "\n",
    "\n",
    "net = init_toy_model()\n",
    "X, y = init_toy_data()\n"
   ]
  },
  {
   "cell_type": "markdown",
   "metadata": {},
   "source": [
    "### Forward Pass: Compute Scores (20%)\n",
    "Implement the forward functions in Linear, Relu and Softmax layers and get the output by passing our toy data X\n",
    "The output must match the given output scores"
   ]
  },
  {
   "cell_type": "code",
   "execution_count": 3,
   "metadata": {},
   "outputs": [
    {
     "name": "stdout",
     "output_type": "stream",
     "text": [
      "Your scores:\n",
      "[[0.33333514 0.33333826 0.33332661]\n",
      " [0.3333351  0.33333828 0.33332661]\n",
      " [0.3333351  0.33333828 0.33332662]\n",
      " [0.3333351  0.33333828 0.33332662]\n",
      " [0.33333509 0.33333829 0.33332662]\n",
      " [0.33333508 0.33333829 0.33332662]\n",
      " [0.33333511 0.33333828 0.33332661]\n",
      " [0.33333512 0.33333827 0.33332661]\n",
      " [0.33333508 0.33333829 0.33332662]\n",
      " [0.33333511 0.33333828 0.33332662]]\n",
      "\n",
      "correct scores:\n",
      "[[0.33333514 0.33333826 0.33332661]\n",
      " [0.3333351  0.33333828 0.33332661]\n",
      " [0.3333351  0.33333828 0.33332662]\n",
      " [0.3333351  0.33333828 0.33332662]\n",
      " [0.33333509 0.33333829 0.33332662]\n",
      " [0.33333508 0.33333829 0.33332662]\n",
      " [0.33333511 0.33333828 0.33332661]\n",
      " [0.33333512 0.33333827 0.33332661]\n",
      " [0.33333508 0.33333829 0.33332662]\n",
      " [0.33333511 0.33333828 0.33332662]]\n",
      "Difference between your scores and correct scores:\n",
      "8.799388495628335e-08\n"
     ]
    }
   ],
   "source": [
    "scores = net.forward(X)\n",
    "print(\"Your scores:\")\n",
    "print(scores)\n",
    "print()\n",
    "print(\"correct scores:\")\n",
    "correct_scores = np.asarray(\n",
    "    [\n",
    "        [0.33333514, 0.33333826, 0.33332661],\n",
    "        [0.3333351, 0.33333828, 0.33332661],\n",
    "        [0.3333351, 0.33333828, 0.33332662],\n",
    "        [0.3333351, 0.33333828, 0.33332662],\n",
    "        [0.33333509, 0.33333829, 0.33332662],\n",
    "        [0.33333508, 0.33333829, 0.33332662],\n",
    "        [0.33333511, 0.33333828, 0.33332661],\n",
    "        [0.33333512, 0.33333827, 0.33332661],\n",
    "        [0.33333508, 0.33333829, 0.33332662],\n",
    "        [0.33333511, 0.33333828, 0.33332662],\n",
    "    ]\n",
    ")\n",
    "print(correct_scores)\n",
    "\n",
    "# The difference should be very small. We get < 1e-7\n",
    "print(\"Difference between your scores and correct scores:\")\n",
    "print(np.sum(np.abs(scores - correct_scores)))\n"
   ]
  },
  {
   "cell_type": "markdown",
   "metadata": {},
   "source": [
    "### Forward Pass: Compute loss given the output scores from the previous step (10%)\n",
    "Implement the forward function in the loss_func.py file, and output the loss value. The loss value must match the given loss value."
   ]
  },
  {
   "cell_type": "code",
   "execution_count": 4,
   "metadata": {},
   "outputs": [
    {
     "name": "stdout",
     "output_type": "stream",
     "text": [
      "1.0986124335483813\n",
      "Difference between your loss and correct loss:\n",
      "2.8981419664120267e-07\n"
     ]
    }
   ],
   "source": [
    "Loss = CrossEntropyLoss()\n",
    "loss = Loss.forward(scores, y)\n",
    "correct_loss = 1.098612723362578\n",
    "print(loss)\n",
    "# should be very small, we get < 1e-12\n",
    "print(\"Difference between your loss and correct loss:\")\n",
    "print(np.sum(np.abs(loss - correct_loss)))\n"
   ]
  },
  {
   "cell_type": "markdown",
   "metadata": {},
   "source": [
    "### Backward Pass (40%)\n",
    "Implement the rest of the functions in the given files. Specifically, implement the backward function in all the 4 files as mentioned in the files. Note: No backward function in the softmax file, the gradient for softmax is jointly calculated with the cross entropy loss in the loss_func.backward function.\n",
    "\n",
    "You will use the chain rule to calculate gradient individually for each layer. You can assume that this calculated gradeint then is passed to the next layers in a reversed manner due to the Sequential implementation. So all you need to worry about is implementing the gradient for the current layer and multiply it will the incoming gradient (passed to the backward function as dout) to calculate the total gradient for the parameters of that layer.\n",
    "\n",
    "We check the values for these gradients by calculating the difference, it is expected to get difference < 1e-8."
   ]
  },
  {
   "cell_type": "code",
   "execution_count": 8,
   "metadata": {},
   "outputs": [
    {
     "name": "stdout",
     "output_type": "stream",
     "text": [
      "10 10\n",
      "10 4\n",
      "[[nan nan nan nan nan nan nan nan nan nan]\n",
      " [nan nan nan nan nan nan nan nan nan nan]\n",
      " [nan nan nan nan nan nan nan nan nan nan]\n",
      " [nan nan nan nan nan nan nan nan nan nan]]\n",
      "[nan nan nan nan nan nan nan nan nan nan]\n",
      "[[nan nan nan]\n",
      " [nan nan nan]\n",
      " [nan nan nan]\n",
      " [nan nan nan]\n",
      " [nan nan nan]\n",
      " [nan nan nan]\n",
      " [nan nan nan]\n",
      " [nan nan nan]\n",
      " [nan nan nan]\n",
      " [nan nan nan]]\n",
      "[nan nan nan]\n"
     ]
    }
   ],
   "source": [
    "# No need to edit anything in this block ( 20% of the above 40% )\n",
    "net.backward(Loss.backward())\n",
    "\n",
    "gradients = []\n",
    "for module in net._modules:\n",
    "    for para, grad in zip(module.parameters, module.grads):\n",
    "        assert grad is not None, \"No Gradient\"\n",
    "        # Print gradients of the linear layer\n",
    "        print(grad)\n",
    "        gradients.append(grad)\n",
    "\n",
    "# Check shapes of your gradient. Note that only the linear layer has parameters\n",
    "# (4, 10) -> Layer 1 W\n",
    "# (10,)   -> Layer 1 b\n",
    "# (10, 3) -> Layer 2 W\n",
    "# (3,)    -> Layer 2 b\n"
   ]
  },
  {
   "cell_type": "code",
   "execution_count": 6,
   "metadata": {},
   "outputs": [
    {
     "name": "stdout",
     "output_type": "stream",
     "text": [
      "Difference in Gradient values 8.948552653535724e-06\n"
     ]
    }
   ],
   "source": [
    "# No need to edit anything in this block ( 20% of the above 40% )\n",
    "grad_w1 = np.array(\n",
    "    [\n",
    "        [\n",
    "            -6.24320917e-05,\n",
    "            3.41037180e-06,\n",
    "            -1.69125969e-05,\n",
    "            2.41514079e-05,\n",
    "            3.88697976e-06,\n",
    "            7.63842314e-05,\n",
    "            -8.88925758e-05,\n",
    "            3.34909890e-05,\n",
    "            -1.42758303e-05,\n",
    "            -4.74748560e-06,\n",
    "        ],\n",
    "        [\n",
    "            -7.16182867e-05,\n",
    "            4.63270039e-06,\n",
    "            -2.20344270e-05,\n",
    "            -2.72027034e-06,\n",
    "            6.52903437e-07,\n",
    "            8.97294847e-05,\n",
    "            -1.05981609e-04,\n",
    "            4.15825391e-05,\n",
    "            -2.12210745e-05,\n",
    "            3.06061658e-05,\n",
    "        ],\n",
    "        [\n",
    "            -1.69074923e-05,\n",
    "            -8.83185056e-06,\n",
    "            3.10730840e-05,\n",
    "            1.23010428e-05,\n",
    "            5.25830316e-05,\n",
    "            -7.82980115e-06,\n",
    "            3.02117990e-05,\n",
    "            -3.37645284e-05,\n",
    "            6.17276346e-05,\n",
    "            -1.10735656e-05,\n",
    "        ],\n",
    "        [\n",
    "            -4.35902272e-05,\n",
    "            3.71512704e-06,\n",
    "            -1.66837877e-05,\n",
    "            2.54069557e-06,\n",
    "            -4.33258099e-06,\n",
    "            5.72310022e-05,\n",
    "            -6.94881762e-05,\n",
    "            2.92408329e-05,\n",
    "            -1.89369767e-05,\n",
    "            2.01692516e-05,\n",
    "        ],\n",
    "    ]\n",
    ")\n",
    "grad_b1 = np.array(\n",
    "    [\n",
    "        -2.27150209e-06,\n",
    "        5.14674340e-07,\n",
    "        -2.04284403e-06,\n",
    "        6.08849787e-07,\n",
    "        -1.92177796e-06,\n",
    "        3.92085824e-06,\n",
    "        -5.40772636e-06,\n",
    "        2.93354593e-06,\n",
    "        -3.14568138e-06,\n",
    "        5.27501592e-11,\n",
    "    ]\n",
    ")\n",
    "\n",
    "grad_w2 = np.array(\n",
    "    [\n",
    "        [1.28932983e-04, 1.19946731e-04, -2.48879714e-04],\n",
    "        [1.08784150e-04, 1.55140199e-04, -2.63924349e-04],\n",
    "        [6.96017544e-05, 1.42748410e-04, -2.12350164e-04],\n",
    "        [9.92512487e-05, 1.73257611e-04, -2.72508860e-04],\n",
    "        [2.05484895e-05, 4.96161144e-05, -7.01646039e-05],\n",
    "        [8.20539510e-05, 9.37063861e-05, -1.75760337e-04],\n",
    "        [2.45831715e-05, 8.74369112e-05, -1.12020083e-04],\n",
    "        [1.34073379e-04, 1.86253064e-04, -3.20326443e-04],\n",
    "        [8.86473128e-05, 2.35554414e-04, -3.24201726e-04],\n",
    "        [3.57433149e-05, 1.91164061e-04, -2.26907376e-04],\n",
    "    ]\n",
    ")\n",
    "\n",
    "grad_b2 = np.array([-0.1666649, 0.13333828, 0.03332662])\n",
    "\n",
    "difference = (\n",
    "#     np.sum(np.abs(gradients[0] - grad_w1))\n",
    "#     + np.sum(np.abs(gradients[1] - grad_b1))\n",
    "#     + np.sum(np.abs(gradients[2] - grad_w2))\n",
    "    + np.sum(np.abs(gradients[3] - grad_b2))\n",
    ")\n",
    "print(\"Difference in Gradient values\", difference)\n"
   ]
  },
  {
   "cell_type": "markdown",
   "metadata": {},
   "source": [
    "## Train the complete network on the toy data. (30%)\n",
    "\n",
    "To train the network we will use stochastic gradient descent (SGD), we have implemented the optimizer for you. You do not implement any more functions in the python files. Below we implement the training procedure, you should get yourself familiar with the training process. Specifically looking at which functions to call and when.\n",
    "\n",
    "Once you have implemented the method and tested various parts in the above blocks, run the code below to train a two-layer network on toy data. You should see your training loss decrease below 0.01."
   ]
  },
  {
   "cell_type": "code",
   "execution_count": 7,
   "metadata": {},
   "outputs": [
    {
     "name": "stdout",
     "output_type": "stream",
     "text": [
      "[[0.33333514 0.33333826 0.33332661]\n",
      " [0.3333351  0.33333828 0.33332661]\n",
      " [0.3333351  0.33333828 0.33332662]\n",
      " [0.3333351  0.33333828 0.33332662]\n",
      " [0.33333509 0.33333829 0.33332662]\n",
      " [0.33333508 0.33333829 0.33332662]\n",
      " [0.33333511 0.33333828 0.33332661]\n",
      " [0.33333512 0.33333827 0.33332661]\n",
      " [0.33333508 0.33333829 0.33332662]\n",
      " [0.33333511 0.33333828 0.33332662]]\n",
      "1.0986124335483813\n",
      "10 10\n",
      "10 4\n",
      "[[0.33891077 0.32889741 0.33219183]\n",
      " [0.33891079 0.32889755 0.33219166]\n",
      " [0.33891079 0.32889754 0.33219167]\n",
      " [0.33891079 0.32889755 0.33219166]\n",
      " [0.3389108  0.32889758 0.33219162]\n",
      " [0.33891081 0.32889761 0.33219158]\n",
      " [0.33891081 0.32889757 0.33219162]\n",
      " [0.33891078 0.32889747 0.33219175]\n",
      " [0.33891081 0.32889761 0.33219158]\n",
      " [0.3389108  0.32889754 0.33219167]]\n",
      "1.0970618776282541\n",
      "10 10\n",
      "10 4\n",
      "[[0.3444629  0.32451416 0.33102294]\n",
      " [0.34446298 0.32451441 0.3310226 ]\n",
      " [0.34446299 0.3245144  0.33102262]\n",
      " [0.34446299 0.32451441 0.3310226 ]\n",
      " [0.34446301 0.32451447 0.33102252]\n",
      " [0.34446303 0.32451453 0.33102244]\n",
      " [0.34446302 0.32451446 0.33102251]\n",
      " [0.34446294 0.32451428 0.33102278]\n",
      " [0.34446303 0.32451453 0.33102244]\n",
      " [0.34446299 0.32451439 0.33102261]]\n",
      "1.0955389428760778\n",
      "10 10\n",
      "10 4\n",
      "[[0.34998903 0.32018859 0.32982238]\n",
      " [0.34998919 0.32018895 0.32982186]\n",
      " [0.3499892  0.32018893 0.32982188]\n",
      " [0.3499892  0.32018895 0.32982185]\n",
      " [0.34998923 0.32018903 0.32982173]\n",
      " [0.34998928 0.32018911 0.32982161]\n",
      " [0.34998925 0.32018903 0.32982173]\n",
      " [0.34998911 0.32018876 0.32982213]\n",
      " [0.34998928 0.32018911 0.32982161]\n",
      " [0.3499892  0.32018893 0.32982188]]\n",
      "1.0940438021882597\n",
      "10 10\n",
      "10 4\n",
      "[[0.35548678 0.31592073 0.3285925 ]\n",
      " [0.35548701 0.3159212  0.32859179]\n",
      " [0.35548702 0.31592117 0.32859181]\n",
      " [0.35548702 0.3159212  0.32859178]\n",
      " [0.35548707 0.31592131 0.32859162]\n",
      " [0.35548714 0.31592141 0.32859145]\n",
      " [0.35548709 0.3159213  0.32859161]\n",
      " [0.35548689 0.31592095 0.32859216]\n",
      " [0.35548714 0.31592141 0.32859145]\n",
      " [0.35548702 0.31592117 0.32859182]]\n",
      "1.0925765894084587\n",
      "10 10\n",
      "10 4\n",
      "[[0.36095382 0.31171057 0.32733561]\n",
      " [0.36095414 0.31171116 0.3273347 ]\n",
      " [0.36095415 0.31171112 0.32733473]\n",
      " [0.36095416 0.31171116 0.32733469]\n",
      " [0.36095423 0.31171129 0.32733448]\n",
      " [0.36095432 0.31171143 0.32733426]\n",
      " [0.36095425 0.31171128 0.32733447]\n",
      " [0.36095398 0.31171084 0.32733518]\n",
      " [0.36095432 0.31171143 0.32733426]\n",
      " [0.36095415 0.31171111 0.32733474]]\n",
      "1.0911373997403195\n",
      "10 10\n",
      "10 4\n",
      "[[0.36638797 0.30755808 0.32605396]\n",
      " [0.36638838 0.30755879 0.32605282]\n",
      " [0.36638839 0.30755874 0.32605286]\n",
      " [0.3663884  0.30755879 0.32605281]\n",
      " [0.36638849 0.30755895 0.32605256]\n",
      " [0.36638861 0.30755912 0.32605227]\n",
      " [0.36638852 0.30755895 0.32605254]\n",
      " [0.36638817 0.3075584  0.32605343]\n",
      " [0.36638861 0.30755912 0.32605227]\n",
      " [0.36638839 0.30755873 0.32605288]]\n",
      "1.0897262903451164\n",
      "10 10\n",
      "10 4\n",
      "[[0.3717871  0.30346318 0.32474972]\n",
      " [0.37178763 0.30346403 0.32474834]\n",
      " [0.37178764 0.30346397 0.32474839]\n",
      " [0.37178765 0.30346402 0.32474833]\n",
      " [0.37178777 0.30346421 0.32474802]\n",
      " [0.37178791 0.30346441 0.32474768]\n",
      " [0.3717878  0.30346421 0.32474799]\n",
      " [0.37178735 0.30346355 0.32474909]\n",
      " [0.37178791 0.30346441 0.32474768]\n",
      " [0.37178763 0.30346395 0.32474842]]\n",
      "1.0883432811085854\n",
      "10 10\n",
      "10 4\n",
      "[[0.37714922 0.29942576 0.32342502]\n",
      " [0.37714988 0.29942676 0.32342335]\n",
      " [0.37714989 0.29942669 0.32342342]\n",
      " [0.3771499  0.29942675 0.32342335]\n",
      " [0.37715005 0.29942697 0.32342298]\n",
      " [0.37715023 0.2994272  0.32342257]\n",
      " [0.37715008 0.29942697 0.32342295]\n",
      " [0.37714953 0.29942619 0.32342428]\n",
      " [0.37715023 0.2994272  0.32342257]\n",
      " [0.37714987 0.29942665 0.32342348]]\n",
      "1.0869883557658853\n",
      "10 10\n",
      "10 4\n",
      "[[0.38247243 0.29544567 0.3220819 ]\n",
      " [0.38247324 0.29544685 0.32207991]\n",
      " [0.38247324 0.29544675 0.32208001]\n",
      " [0.38247326 0.29544683 0.32207992]\n",
      " [0.38247343 0.29544708 0.32207948]\n",
      " [0.38247366 0.29544735 0.32207899]\n",
      " [0.38247347 0.29544709 0.32207944]\n",
      " [0.3824728  0.29544616 0.32208104]\n",
      " [0.38247366 0.29544735 0.32207899]\n",
      " [0.3824732  0.2954467  0.32208009]]\n",
      "1.0856614625786372\n",
      "10 10\n",
      "10 4\n",
      "[[0.38775492 0.29152274 0.32072234]\n",
      " [0.38775591 0.29152411 0.32071999]\n",
      " [0.3877559  0.29152399 0.32072011]\n",
      " [0.38775592 0.29152407 0.32072   ]\n",
      " [0.38775613 0.29152437 0.3207195 ]\n",
      " [0.3877564  0.29152468 0.32071891]\n",
      " [0.38775618 0.29152438 0.32071944]\n",
      " [0.38775535 0.2915233  0.32072135]\n",
      " [0.3877564  0.29152468 0.32071891]\n",
      " [0.38775584 0.29152392 0.32072024]]\n",
      "1.0843625156813226\n",
      "10 10\n",
      "10 4\n",
      "[[0.39299499 0.28765674 0.31934827]\n",
      " [0.39299618 0.28765833 0.31934549]\n",
      " [0.39299617 0.28765818 0.31934565]\n",
      " [0.3929962  0.28765828 0.31934552]\n",
      " [0.39299645 0.28765862 0.31934493]\n",
      " [0.39299677 0.28765898 0.31934424]\n",
      " [0.39299651 0.28765864 0.31934485]\n",
      " [0.3929955  0.28765737 0.31934713]\n",
      " [0.39299677 0.28765898 0.31934424]\n",
      " [0.39299609 0.28765809 0.31934582]]\n",
      "1.0830913964197302\n",
      "10 10\n",
      "10 4\n",
      "[[0.39819105 0.28384743 0.31796152]\n",
      " [0.39819249 0.28384926 0.31795825]\n",
      " [0.39819246 0.28384908 0.31795846]\n",
      " [0.3981925  0.2838492  0.31795831]\n",
      " [0.39819279 0.28384959 0.31795762]\n",
      " [0.39819318 0.28385    0.31795681]\n",
      " [0.39819286 0.28384962 0.31795752]\n",
      " [0.39819165 0.28384814 0.31796022]\n",
      " [0.39819318 0.28385    0.31795681]\n",
      " [0.39819235 0.28384896 0.31795869]]\n",
      "1.0818479546801292\n",
      "10 10\n",
      "10 4\n",
      "[[0.4033416  0.28009452 0.31656388]\n",
      " [0.40334332 0.28009664 0.31656004]\n",
      " [0.40334327 0.28009641 0.31656031]\n",
      " [0.40334332 0.28009655 0.31656012]\n",
      " [0.40334367 0.280097   0.31655933]\n",
      " [0.40334414 0.28009747 0.31655838]\n",
      " [0.40334376 0.28009704 0.3165592 ]\n",
      " [0.4033423  0.28009531 0.31656239]\n",
      " [0.40334414 0.28009747 0.31655838]\n",
      " [0.40334313 0.28009626 0.31656062]]\n",
      "1.08063201032718\n",
      "10 10\n",
      "10 4\n",
      "[[0.40844525 0.2763977  0.31515705]\n",
      " [0.40844731 0.27640014 0.31515255]\n",
      " [0.40844723 0.27639987 0.3151529 ]\n",
      " [0.4084473  0.27640003 0.31515268]\n",
      " [0.40844771 0.27640053 0.31515176]\n",
      " [0.40844826 0.27640108 0.31515065]\n",
      " [0.40844781 0.27640059 0.3151516 ]\n",
      " [0.40844605 0.27639859 0.31515536]\n",
      " [0.40844826 0.27640108 0.31515065]\n",
      " [0.40844703 0.27639967 0.3151533 ]]\n",
      "1.079443354695499\n",
      "10 10\n",
      "10 4\n",
      "[[0.41350069 0.27275662 0.31374269]\n",
      " [0.41350315 0.27275943 0.31373742]\n",
      " [0.41350304 0.2727591  0.31373786]\n",
      " [0.41350312 0.27275929 0.31373759]\n",
      " [0.41350361 0.27275986 0.31373653]\n",
      " [0.41350427 0.2727605  0.31373524]\n",
      " [0.41350373 0.27275994 0.31373633]\n",
      " [0.41350162 0.27275761 0.31374076]\n",
      " [0.41350427 0.2727605  0.31373524]\n",
      " [0.41350278 0.27275885 0.31373837]]\n",
      "1.0782817521191033\n",
      "10 10\n",
      "10 4\n",
      "[[0.41850673 0.2691709  0.31232237]\n",
      " [0.41850966 0.26917414 0.31231621]\n",
      " [0.41850951 0.26917374 0.31231675]\n",
      " [0.41850961 0.26917396 0.31231643]\n",
      " [0.41851018 0.26917461 0.31231521]\n",
      " [0.41851096 0.26917534 0.3123137 ]\n",
      " [0.41851033 0.26917471 0.31231496]\n",
      " [0.41850781 0.26917201 0.31232018]\n",
      " [0.41851096 0.26917534 0.3123137 ]\n",
      " [0.41850918 0.26917342 0.3123174 ]]\n",
      "1.0771469414834196\n",
      "10 10\n",
      "10 4\n",
      "[[0.42346226 0.26564014 0.3108976 ]\n",
      " [0.42346574 0.26564386 0.3108904 ]\n",
      " [0.42346554 0.26564339 0.31089106]\n",
      " [0.42346566 0.26564364 0.31089069]\n",
      " [0.42346634 0.26564439 0.31088928]\n",
      " [0.42346726 0.26564522 0.31088751]\n",
      " [0.42346652 0.26564451 0.31088897]\n",
      " [0.4234635  0.26564139 0.31089511]\n",
      " [0.42346726 0.26564522 0.31088751]\n",
      " [0.42346511 0.265643   0.31089189]]\n",
      "1.0760386377850157\n",
      "10 10\n",
      "10 4\n",
      "[[0.42836625 0.2621639  0.30946984]\n",
      " [0.42837039 0.26216819 0.30946142]\n",
      " [0.42837014 0.26216763 0.30946223]\n",
      " [0.42837028 0.26216792 0.3094618 ]\n",
      " [0.42837107 0.26216877 0.30946016]\n",
      " [0.42837217 0.26216973 0.3094581 ]\n",
      " [0.4283713  0.26216892 0.30945979]\n",
      " [0.42836769 0.2621653  0.30946701]\n",
      " [0.42837217 0.26216973 0.3094581 ]\n",
      " [0.42836959 0.26216714 0.30946327]]\n",
      "1.0749565338740665\n",
      "10 10\n",
      "10 4\n",
      "[[0.43321779 0.25874171 0.3080405 ]\n",
      " [0.4332227  0.25874663 0.30803067]\n",
      " [0.43322238 0.258746   0.30803162]\n",
      " [0.43322255 0.25874632 0.30803112]\n",
      " [0.43322348 0.25874729 0.30802922]\n",
      " [0.43322478 0.2587484  0.30802682]\n",
      " [0.43322376 0.25874748 0.30802876]\n",
      " [0.43321945 0.25874329 0.30803726]\n",
      " [0.43322478 0.2587484  0.30802682]\n",
      " [0.43322169 0.2587454  0.30803291]]\n",
      "1.0739003009445\n",
      "10 10\n",
      "10 4\n",
      "[[0.43801602 0.25537312 0.30661086]\n",
      " [0.43802185 0.25537877 0.30659938]\n",
      " [0.43802145 0.25537802 0.30660053]\n",
      " [0.43802166 0.25537839 0.30659995]\n",
      " [0.43802275 0.2553795  0.30659775]\n",
      " [0.43802429 0.25538077 0.30659494]\n",
      " [0.43802308 0.25537973 0.30659719]\n",
      " [0.43801794 0.25537488 0.30660717]\n",
      " [0.43802429 0.25538077 0.30659494]\n",
      " [0.43802058 0.2553773  0.30660212]]\n",
      "1.072869592239635\n",
      "10 10\n",
      "10 4\n",
      "[[0.44276019 0.25205758 0.30518223]\n",
      " [0.44276712 0.25206408 0.3051688 ]\n",
      " [0.44276661 0.2520632  0.30517019]\n",
      " [0.44276686 0.25206363 0.30516951]\n",
      " [0.44276814 0.25206488 0.30516697]\n",
      " [0.44276997 0.25206635 0.30516368]\n",
      " [0.44276854 0.25206516 0.3051663 ]\n",
      " [0.44276242 0.25205956 0.30517802]\n",
      " [0.44276997 0.25206635 0.30516368]\n",
      " [0.44276553 0.25206232 0.30517215]]\n",
      "1.0718640422266397\n",
      "10 10\n",
      "10 4\n",
      "[[0.44744962 0.24879457 0.30375581]\n",
      " [0.44745784 0.24880205 0.30374011]\n",
      " [0.44745721 0.24880101 0.30374178]\n",
      " [0.44745751 0.24880151 0.30374099]\n",
      " [0.44745901 0.24880293 0.30373806]\n",
      " [0.44746118 0.24880462 0.3037342 ]\n",
      " [0.44745949 0.24880326 0.30373725]\n",
      " [0.4474522  0.2487968  0.303751  ]\n",
      " [0.44746118 0.24880462 0.3037342 ]\n",
      " [0.44745587 0.24879996 0.30374417]]\n",
      "1.0708832691374228\n",
      "10 10\n",
      "10 4\n"
     ]
    },
    {
     "name": "stdout",
     "output_type": "stream",
     "text": [
      "[[0.4520837  0.24558353 0.30233277]\n",
      " [0.45209345 0.24559213 0.30231442]\n",
      " [0.45209266 0.24559091 0.30231643]\n",
      " [0.45209302 0.24559148 0.3023155 ]\n",
      " [0.45209478 0.24559311 0.30231211]\n",
      " [0.45209735 0.24559505 0.3023076 ]\n",
      " [0.45209536 0.2455935  0.30231114]\n",
      " [0.45208668 0.24558604 0.30232728]\n",
      " [0.45209735 0.24559505 0.3023076 ]\n",
      " [0.45209101 0.24558966 0.30231934]]\n",
      "1.0699268760564675\n",
      "10 10\n",
      "10 4\n",
      "[[0.45666188 0.24242387 0.30091424]\n",
      " [0.45667344 0.24243375 0.3008928 ]\n",
      " [0.45667248 0.24243234 0.30089518]\n",
      " [0.45667291 0.24243299 0.3008941 ]\n",
      " [0.45667498 0.24243484 0.30089018]\n",
      " [0.45667802 0.24243709 0.30088489]\n",
      " [0.45667567 0.24243531 0.30088902]\n",
      " [0.45666534 0.2424267  0.30090796]\n",
      " [0.45667802 0.24243709 0.30088489]\n",
      " [0.45667044 0.24243084 0.30089871]]\n",
      "1.0689944528042363\n",
      "10 10\n",
      "10 4\n",
      "[[0.46118368 0.23931496 0.29950137]\n",
      " [0.46119737 0.2393263  0.29947632]\n",
      " [0.46119623 0.23932472 0.29947905]\n",
      " [0.46119673 0.23932545 0.29947783]\n",
      " [0.46119917 0.23932757 0.29947326]\n",
      " [0.46120278 0.23933016 0.29946706]\n",
      " [0.4612     0.23932812 0.29947188]\n",
      " [0.46118771 0.23931817 0.29949412]\n",
      " [0.46120278 0.23933016 0.29946706]\n",
      " [0.46119373 0.23932293 0.29948334]]\n",
      "1.0680855728904488\n",
      "10 10\n",
      "10 4\n",
      "[[0.4656487  0.23625625 0.29809506]\n",
      " [0.46566495 0.23626929 0.29806576]\n",
      " [0.46566355 0.23626745 0.298069  ]\n",
      " [0.46566414 0.23626828 0.29806758]\n",
      " [0.46566701 0.23627069 0.29806229]\n",
      " [0.4656713  0.23627368 0.29805502]\n",
      " [0.46566801 0.23627135 0.29806065]\n",
      " [0.46565339 0.23625988 0.29808674]\n",
      " [0.4656713  0.23627368 0.29805502]\n",
      " [0.4656605  0.23626533 0.29807417]]\n",
      "1.067199804338068\n",
      "10 10\n",
      "10 4\n",
      "[[0.47005657 0.23324705 0.29669637]\n",
      " [0.47007586 0.23326204 0.2966621 ]\n",
      " [0.47007415 0.23325991 0.29666594]\n",
      " [0.47007486 0.23326086 0.29666428]\n",
      " [0.47007823 0.23326361 0.29665816]\n",
      " [0.47008332 0.23326705 0.29664963]\n",
      " [0.47007942 0.23326437 0.29665621]\n",
      " [0.47006204 0.23325116 0.29668681]\n",
      " [0.47008332 0.23326705 0.29664963]\n",
      " [0.47007044 0.2332574  0.29667216]]\n",
      "1.0663366995767998\n",
      "10 10\n",
      "10 4\n",
      "[[0.47440699 0.23028671 0.2953063 ]\n",
      " [0.47442987 0.23030394 0.29526618]\n",
      " [0.4744278  0.23030147 0.29527073]\n",
      " [0.47442864 0.23030256 0.2952688 ]\n",
      " [0.47443261 0.23030569 0.2952617 ]\n",
      " [0.47443866 0.23030966 0.29525168]\n",
      " [0.47443402 0.23030658 0.2952594 ]\n",
      " [0.47441336 0.23029136 0.29529528]\n",
      " [0.47443866 0.23030966 0.29525168]\n",
      " [0.4744233  0.23029852 0.29527819]]\n",
      "1.065495802132888\n",
      "10 10\n",
      "10 4\n",
      "[[0.47869968 0.22737454 0.29392578]\n",
      " [0.47872682 0.22739435 0.29387883]\n",
      " [0.47872433 0.22739149 0.29388418]\n",
      " [0.47872532 0.22739273 0.29388194]\n",
      " [0.47872998 0.2273963  0.29387371]\n",
      " [0.47873717 0.22740089 0.29386193]\n",
      " [0.47873167 0.22739735 0.29387099]\n",
      " [0.47870712 0.22737981 0.29391307]\n",
      " [0.47873717 0.22740089 0.29386193]\n",
      " [0.47871886 0.22738802 0.29389311]]\n",
      "1.0646766459305346\n",
      "10 10\n",
      "10 4\n",
      "[[0.4829344  0.22450984 0.29255576]\n",
      " [0.48296659 0.22453261 0.2925008 ]\n",
      " [0.4829636  0.22452932 0.29250708]\n",
      " [0.48296478 0.22453074 0.29250449]\n",
      " [0.48297026 0.2245348  0.29249494]\n",
      " [0.48297881 0.2245401  0.29248109]\n",
      " [0.48297226 0.22453602 0.29249172]\n",
      " [0.4829431  0.22451582 0.29254108]\n",
      " [0.48297881 0.2245401  0.29248109]\n",
      " [0.48295698 0.22452525 0.29251777]]\n",
      "1.0638787560287766\n",
      "10 10\n",
      "10 4\n",
      "[[0.48711087 0.22169179 0.29119734]\n",
      " [0.48714902 0.22171792 0.29113306]\n",
      " [0.48714556 0.2217143  0.29114014]\n",
      " [0.4871469  0.22171584 0.29113726]\n",
      " [0.48715338 0.22172053 0.29112609]\n",
      " [0.48716355 0.22172665 0.2911098 ]\n",
      " [0.48715576 0.22172194 0.2911223 ]\n",
      " [0.48712109 0.22169864 0.29118027]\n",
      " [0.48716355 0.22172665 0.2911098 ]\n",
      " [0.48713753 0.22170948 0.29115299]]\n",
      "1.0631016425611681\n",
      "10 10\n",
      "10 4\n",
      "[[0.49122899 0.21891986 0.28985115]\n",
      " [0.49127427 0.21894988 0.28977584]\n",
      " [0.49127013 0.21894572 0.28978415]\n",
      " [0.49127171 0.21894748 0.28978081]\n",
      " [0.49127934 0.21895281 0.28976784]\n",
      " [0.49129145 0.21895989 0.28974866]\n",
      " [0.49128217 0.21895445 0.28976339]\n",
      " [0.49124097 0.21892765 0.28983138]\n",
      " [0.49129145 0.21895989 0.28974866]\n",
      " [0.49126045 0.21894009 0.28979947]]\n",
      "1.0623448205215438\n",
      "10 10\n",
      "10 4\n",
      "[[0.49528852 0.21619318 0.28851829]\n",
      " [0.49534228 0.21622768 0.28843004]\n",
      " [0.49533735 0.2162229  0.28843976]\n",
      " [0.4953392  0.2162249  0.28843589]\n",
      " [0.49534819 0.21623098 0.28842083]\n",
      " [0.49536261 0.21623916 0.28839823]\n",
      " [0.49535154 0.21623287 0.2884156 ]\n",
      " [0.49530259 0.21620205 0.28849536]\n",
      " [0.49536261 0.21623916 0.28839823]\n",
      " [0.49532567 0.21621632 0.28845801]]\n",
      "1.0616077831697615\n",
      "10 10\n",
      "10 4\n",
      "[[0.49928928 0.21351098 0.28719974]\n",
      " [0.49935309 0.21355061 0.28709629]\n",
      " [0.49934723 0.21354513 0.28710763]\n",
      " [0.49934941 0.21354741 0.28710317]\n",
      " [0.49935999 0.21355434 0.28708567]\n",
      " [0.49937717 0.21356379 0.28705903]\n",
      " [0.49936396 0.21355652 0.28707952]\n",
      " [0.49930582 0.21352108 0.2871731 ]\n",
      " [0.49937717 0.21356379 0.28705903]\n",
      " [0.49933317 0.21353746 0.28712937]]\n",
      "1.0608900171416138\n",
      "10 10\n",
      "10 4\n",
      "[[0.50323104 0.21087244 0.28589652]\n",
      " [0.50330679 0.21091798 0.28577523]\n",
      " [0.50329985 0.21091171 0.28578843]\n",
      " [0.5033024  0.2109143  0.2857833 ]\n",
      " [0.50331487 0.2109222  0.28576294]\n",
      " [0.50333535 0.21093313 0.28573153]\n",
      " [0.50331956 0.2109247  0.28575573]\n",
      " [0.50325051 0.21088396 0.28586553]\n",
      " [0.50333535 0.21093313 0.28573153]\n",
      " [0.50328292 0.21090278 0.2858143 ]]\n",
      "1.0601909977661577\n",
      "10 10\n",
      "10 4\n",
      "[[0.50711354 0.20827674 0.28460972]\n",
      " [0.50720346 0.20832906 0.28446747]\n",
      " [0.50719529 0.20832191 0.2844828 ]\n",
      " [0.50719825 0.20832485 0.2844769 ]\n",
      " [0.50721295 0.20833385 0.28445321]\n",
      " [0.50723737 0.20834649 0.28441614]\n",
      " [0.5072185  0.20833673 0.28444477]\n",
      " [0.50713648 0.2082899  0.28457362]\n",
      " [0.50723737 0.20834649 0.28441614]\n",
      " [0.50717493 0.20831151 0.28451356]]\n",
      "1.0595101875653845\n",
      "10 10\n",
      "10 4\n",
      "[[0.51093648 0.20572302 0.2833405 ]\n",
      " [0.51104323 0.20578314 0.28317363]\n",
      " [0.51103362 0.205775   0.28319138]\n",
      " [0.51103707 0.20577832 0.28318461]\n",
      " [0.51105438 0.20578859 0.28315703]\n",
      " [0.51108353 0.2058032  0.28311327]\n",
      " [0.51106094 0.2057919  0.28314716]\n",
      " [0.51096354 0.20573807 0.28329839]\n",
      " [0.51108353 0.2058032  0.28311327]\n",
      " [0.51100916 0.2057629  0.28322795]]\n",
      "1.0588470342516596\n",
      "10 10\n",
      "10 4\n",
      "[[0.51469946 0.20321042 0.28209012]\n",
      " [0.51482622 0.20327948 0.2818943 ]\n",
      " [0.51481495 0.20327022 0.28191483]\n",
      " [0.51481894 0.20327398 0.28190708]\n",
      " [0.51483936 0.20328569 0.28187495]\n",
      " [0.51487414 0.2033026  0.28182326]\n",
      " [0.5148471  0.20328948 0.28186342]\n",
      " [0.51473142 0.20322763 0.28204094]\n",
      " [0.51487414 0.2033026  0.28182326]\n",
      " [0.51478557 0.20325616 0.28195828]]\n",
      "1.0582009681384061\n",
      "10 10\n",
      "10 4\n",
      "[[0.51840201 0.20073801 0.28085998]\n",
      " [0.51855252 0.20081734 0.28063014]\n",
      " [0.51853937 0.20080683 0.2806538 ]\n",
      " [0.51854397 0.20081107 0.28064496]\n",
      " [0.51856804 0.20082444 0.28060752]\n",
      " [0.51860959 0.20084399 0.28054642]\n",
      " [0.51857718 0.20082878 0.28059405]\n",
      " [0.5184398  0.20075772 0.28080248]\n",
      " [0.51860959 0.20084399 0.28054642]\n",
      " [0.51850409 0.2007905  0.28070541]]\n",
      "1.0575713989415854\n",
      "10 10\n",
      "10 4\n",
      "[[0.5220432  0.19830451 0.27965229]\n",
      " [0.52222179 0.19839546 0.27938275]\n",
      " [0.52220699 0.19838412 0.27940889]\n",
      " [0.52221209 0.19838868 0.27939923]\n",
      " [0.52224063 0.19840409 0.27935528]\n",
      " [0.52229025 0.19842671 0.27928303]\n",
      " [0.52225139 0.19840905 0.27933956]\n",
      " [0.52208811 0.19832729 0.2795846 ]\n",
      " [0.52229025 0.19842671 0.27928303]\n",
      " [0.52216453 0.19836503 0.27947044]]\n",
      "1.05695768161313\n",
      "10 10\n",
      "10 4\n",
      "[[0.52562273 0.19590964 0.27846763]\n",
      " [0.52583498 0.19601405 0.27815097]\n",
      " [0.52581771 0.19600122 0.27818107]\n",
      " [0.52582359 0.19600636 0.27817006]\n",
      " [0.52585727 0.19602391 0.27811882]\n",
      " [0.52591659 0.19605008 0.27803333]\n",
      " [0.52586994 0.19602957 0.27810048]\n",
      " [0.52567595 0.19593574 0.27838831]\n",
      " [0.52591659 0.19605008 0.27803333]\n",
      " [0.52576679 0.1959791  0.27825411]]\n",
      "1.056359223178377\n",
      "10 10\n",
      "10 4\n",
      "[[0.52913943 0.19355201 0.27730856]\n",
      " [0.5293917  0.19367186 0.27693644]\n",
      " [0.52937161 0.19365737 0.27697102]\n",
      " [0.52937837 0.19366314 0.27695849]\n",
      " [0.52941813 0.19368315 0.27689872]\n",
      " [0.52948906 0.19371342 0.27679752]\n",
      " [0.52943304 0.1936896  0.27687736]\n",
      " [0.52920257 0.19358193 0.27721551]\n",
      " [0.52948906 0.19371342 0.27679752]\n",
      " [0.52931058 0.19363174 0.27705768]]\n",
      "1.0557753191081276\n",
      "10 10\n",
      "10 4\n",
      "[[0.53259207 0.19123051 0.27617742]\n",
      " [0.53289192 0.19136809 0.27573999]\n",
      " [0.53286866 0.19135176 0.27577958]\n",
      " [0.53287639 0.19135823 0.27576538]\n",
      " [0.53292332 0.19138104 0.27569563]\n",
      " [0.53300816 0.19141607 0.27557577]\n",
      " [0.53294086 0.19138838 0.27567076]\n",
      " [0.53266704 0.19126484 0.27606812]\n",
      " [0.53300816 0.19141607 0.27557577]\n",
      " [0.53279551 0.19132208 0.27588241]]\n",
      "1.0552052446527687\n",
      "10 10\n",
      "10 4\n",
      "[[0.5359791  0.18894402 0.27507688]\n",
      " [0.53633555 0.18910192 0.27456253]\n",
      " [0.5363087  0.18908356 0.27460773]\n",
      " [0.5363175  0.18909081 0.27459169]\n",
      " [0.53637292 0.18911682 0.27451026]\n",
      " [0.53647444 0.18915734 0.27436821]\n",
      " [0.53639352 0.18912516 0.27448131]\n",
      " [0.5360682  0.18898344 0.27494836]\n",
      " [0.53647444 0.18915734 0.27436821]\n",
      " [0.53622106 0.18904922 0.27472973]]\n",
      "1.0546482223846954\n",
      "10 10\n",
      "10 4\n",
      "[[0.53929862 0.1866913  0.27401007]\n",
      " [0.53972238 0.18687254 0.27340508]\n",
      " [0.53969153 0.18685194 0.27345653]\n",
      " [0.53970149 0.18686004 0.27343847]\n",
      " [0.53976693 0.18688969 0.27334337]\n",
      " [0.53988846 0.18693658 0.27317496]\n",
      " [0.53979112 0.18689917 0.27330971]\n",
      " [0.53940461 0.1867366  0.2738588 ]\n",
      " [0.53988846 0.18693658 0.27317496]\n",
      " [0.53958653 0.18681221 0.27360127]]\n",
      "1.054103411170177\n",
      "10 10\n",
      "10 4\n",
      "[[0.54254826 0.18447108 0.27298066]\n",
      " [0.5430521  0.18467908 0.27226882]\n",
      " [0.54301679 0.18465601 0.2723272 ]\n",
      " [0.54302801 0.18466505 0.27230695]\n",
      " [0.54310529 0.18469887 0.27219584]\n",
      " [0.54325082 0.18475311 0.27199606]\n",
      " [0.54313367 0.18470961 0.27215672]\n",
      " [0.54267442 0.18452316 0.27280242]\n",
      " [0.54325082 0.18475311 0.27199606]\n",
      " [0.54289101 0.18461007 0.27249892]]\n",
      "1.053569892870963\n",
      "10 10\n",
      "10 4\n",
      "[[0.54572509 0.18228197 0.27199294]\n",
      " [0.54632422 0.18252066 0.27115511]\n",
      " [0.54628399 0.18249489 0.27122112]\n",
      " [0.54629654 0.18250495 0.27119851]\n",
      " [0.54638783 0.18254352 0.27106865]\n",
      " [0.54656216 0.18260628 0.27083156]\n",
      " [0.54642109 0.18255569 0.27102322]\n",
      " [0.54587539 0.18234188 0.27178273]\n",
      " [0.54656216 0.18260628 0.27083156]\n",
      " [0.54613333 0.18244179 0.27142488]]\n",
      "1.0530466563341407\n",
      "10 10\n",
      "10 4\n",
      "[[0.54882551 0.18012249 0.271052  ]\n",
      " [0.54953808 0.18039638 0.27006554]\n",
      " [0.54949244 0.18036766 0.2701399 ]\n",
      " [0.54950639 0.18037883 0.27011478]\n",
      " [0.54961423 0.18042282 0.26996295]\n",
      " [0.54982313 0.18049543 0.26968144]\n",
      " [0.5496532  0.18043659 0.26991022]\n",
      " [0.54900472 0.18019145 0.27080384]\n",
      " [0.54982313 0.18049543 0.26968144]\n",
      " [0.549312   0.1803063  0.2703817 ]]\n",
      "1.0525325781392136\n",
      "10 10\n",
      "10 4\n",
      "[[0.55184515 0.17799101 0.27016383]\n",
      " [0.55269275 0.17830528 0.26900197]\n",
      " [0.55264126 0.17827335 0.26908539]\n",
      " [0.55265663 0.17828572 0.26905765]\n",
      " [0.55278404 0.1783359  0.26888006]\n",
      " [0.55303444 0.1784199  0.26854566]\n",
      " [0.55282965 0.17835145 0.2688189 ]\n",
      " [0.55205897 0.17807043 0.2698706 ]\n",
