{
 "cells": [
  {
   "cell_type": "markdown",
   "metadata": {},
   "source": [
    "# ECE285 Assignment 1: Neural Network in NumPy\n",
    "\n",
    "Use this notebook to build your neural network by implementing the following functions in the python files under `ece285/algorithms` directory:\n",
    "\n",
    "1. `linear.py`\n",
    "2. `relu.py`\n",
    "3. `softmax.py`\n",
    "4. `loss_func.py`\n",
    "\n",
    "You will be testing your 2 layer neural network implementation on a toy dataset.\n",
    "\n",
    "TO SUBMIT: PDF of this notebook with all the required outputs and answers."
   ]
  },
  {
   "cell_type": "code",
   "execution_count": 13,
   "metadata": {},
   "outputs": [
    {
     "name": "stdout",
     "output_type": "stream",
     "text": [
      "The autoreload extension is already loaded. To reload it, use:\n",
      "  %reload_ext autoreload\n"
     ]
    }
   ],
   "source": [
    "# Setup\n",
    "import matplotlib.pyplot as plt\n",
    "import numpy as np\n",
    "\n",
    "from ece285.layers.sequential import Sequential\n",
    "from ece285.layers.linear import Linear\n",
    "from ece285.layers.relu import ReLU\n",
    "from ece285.layers.softmax import Softmax\n",
    "from ece285.layers.loss_func import CrossEntropyLoss\n",
    "from ece285.utils.optimizer import SGD\n",
    "\n",
    "%matplotlib inline\n",
    "plt.rcParams[\"figure.figsize\"] = (10.0, 8.0)  # set default size of plots\n",
    "\n",
    "# For auto-reloading external modules\n",
    "# See http://stackoverflow.com/questions/1907993/autoreload-of-modules-in-ipython\n",
    "%load_ext autoreload\n",
    "%autoreload 2"
   ]
  },
  {
   "cell_type": "markdown",
   "metadata": {},
   "source": [
    "We will use the class Sequential as implemented in the file assignment2/layers/sequential.py to build a layer by layer model of our neural network. Below we initialize the toy model and the toy random data that you will use to develop your implementation."
   ]
  },
  {
   "cell_type": "code",
   "execution_count": 14,
   "metadata": {},
   "outputs": [],
   "source": [
    "# Create a small net and some toy data to check your implementations.\n",
    "# Note that we set the random seed for repeatable experiments.\n",
    "\n",
    "input_size = 4\n",
    "hidden_size = 10\n",
    "num_classes = 3  # Output\n",
    "num_inputs = 10  # N\n",
    "\n",
    "\n",
    "def init_toy_model(): \n",
    "    np.random.seed(0)\n",
    "    l1 = Linear(input_size, hidden_size) # Linear layer\n",
    "    l2 = Linear(hidden_size, num_classes)\n",
    "\n",
    "    r1 = ReLU()\n",
    "    softmax = Softmax()\n",
    "    return Sequential([l1, r1, l2, softmax])\n",
    "\n",
    "\n",
    "def init_toy_data():\n",
    "    np.random.seed(0)\n",
    "    X = 10 * np.random.randn(num_inputs, input_size)\n",
    "    y = np.random.randint(num_classes, size=num_inputs)\n",
    "    # y = np.array([0, 1, 2, 2, 1])\n",
    "    return X, y\n",
    "\n",
    "\n",
    "net = init_toy_model()\n",
    "X, y = init_toy_data()\n"
   ]
  },
  {
   "cell_type": "markdown",
   "metadata": {},
   "source": [
    "### Forward Pass: Compute Scores (20%)\n",
    "Implement the forward functions in Linear, Relu and Softmax layers and get the output by passing our toy data X\n",
    "The output must match the given output scores"
   ]
  },
  {
   "cell_type": "code",
   "execution_count": 15,
   "metadata": {},
   "outputs": [
    {
     "name": "stdout",
     "output_type": "stream",
     "text": [
      "Your scores:\n",
      "[[0.33333514 0.33333826 0.33332661]\n",
      " [0.3333351  0.33333828 0.33332661]\n",
      " [0.3333351  0.33333828 0.33332662]\n",
      " [0.3333351  0.33333828 0.33332662]\n",
      " [0.33333509 0.33333829 0.33332662]\n",
      " [0.33333508 0.33333829 0.33332662]\n",
      " [0.33333511 0.33333828 0.33332661]\n",
      " [0.33333512 0.33333827 0.33332661]\n",
      " [0.33333508 0.33333829 0.33332662]\n",
      " [0.33333511 0.33333828 0.33332662]]\n",
      "\n",
      "correct scores:\n",
      "[[0.33333514 0.33333826 0.33332661]\n",
      " [0.3333351  0.33333828 0.33332661]\n",
      " [0.3333351  0.33333828 0.33332662]\n",
      " [0.3333351  0.33333828 0.33332662]\n",
      " [0.33333509 0.33333829 0.33332662]\n",
      " [0.33333508 0.33333829 0.33332662]\n",
      " [0.33333511 0.33333828 0.33332661]\n",
      " [0.33333512 0.33333827 0.33332661]\n",
      " [0.33333508 0.33333829 0.33332662]\n",
      " [0.33333511 0.33333828 0.33332662]]\n",
      "Difference between your scores and correct scores:\n",
      "8.799388495628335e-08\n"
     ]
    }
   ],
   "source": [
    "scores = net.forward(X)\n",
    "print(\"Your scores:\")\n",
    "print(scores)\n",
    "print()\n",
    "print(\"correct scores:\")\n",
    "correct_scores = np.asarray(\n",
    "    [\n",
    "        [0.33333514, 0.33333826, 0.33332661],\n",
    "        [0.3333351, 0.33333828, 0.33332661],\n",
    "        [0.3333351, 0.33333828, 0.33332662],\n",
    "        [0.3333351, 0.33333828, 0.33332662],\n",
    "        [0.33333509, 0.33333829, 0.33332662],\n",
    "        [0.33333508, 0.33333829, 0.33332662],\n",
    "        [0.33333511, 0.33333828, 0.33332661],\n",
    "        [0.33333512, 0.33333827, 0.33332661],\n",
    "        [0.33333508, 0.33333829, 0.33332662],\n",
    "        [0.33333511, 0.33333828, 0.33332662],\n",
    "    ]\n",
    ")\n",
    "print(correct_scores)\n",
    "\n",
    "# The difference should be very small. We get < 1e-7\n",
    "print(\"Difference between your scores and correct scores:\")\n",
    "print(np.sum(np.abs(scores - correct_scores)))\n"
   ]
  },
  {
   "cell_type": "markdown",
   "metadata": {},
   "source": [
    "### Forward Pass: Compute loss given the output scores from the previous step (10%)\n",
    "Implement the forward function in the loss_func.py file, and output the loss value. The loss value must match the given loss value."
   ]
  },
  {
   "cell_type": "code",
   "execution_count": 16,
   "metadata": {},
   "outputs": [
    {
     "name": "stdout",
     "output_type": "stream",
     "text": [
      "1.098612723362578\n",
      "Difference between your loss and correct loss:\n",
      "0.0\n"
     ]
    }
   ],
   "source": [
    "Loss = CrossEntropyLoss()\n",
    "loss = Loss.forward(scores, y)\n",
    "correct_loss = 1.098612723362578\n",
    "print(loss)\n",
    "# should be very small, we get < 1e-12\n",
    "print(\"Difference between your loss and correct loss:\")\n",
    "print(np.sum(np.abs(loss - correct_loss)))\n"
   ]
  },
  {
   "cell_type": "markdown",
   "metadata": {},
   "source": [
    "### Backward Pass (40%)\n",
    "Implement the rest of the functions in the given files. Specifically, implement the backward function in all the 4 files as mentioned in the files. Note: No backward function in the softmax file, the gradient for softmax is jointly calculated with the cross entropy loss in the loss_func.backward function.\n",
    "\n",
    "You will use the chain rule to calculate gradient individually for each layer. You can assume that this calculated gradeint then is passed to the next layers in a reversed manner due to the Sequential implementation. So all you need to worry about is implementing the gradient for the current layer and multiply it will the incoming gradient (passed to the backward function as dout) to calculate the total gradient for the parameters of that layer.\n",
    "\n",
    "We check the values for these gradients by calculating the difference, it is expected to get difference < 1e-8."
   ]
  },
  {
   "cell_type": "code",
   "execution_count": 17,
   "metadata": {},
   "outputs": [],
   "source": [
    "# No need to edit anything in this block ( 20% of the above 40% )\n",
    "net.backward(Loss.backward())\n",
    "\n",
    "gradients = []\n",
    "for module in net._modules:\n",
    "    for para, grad in zip(module.parameters, module.grads):\n",
    "        assert grad is not None, \"No Gradient\"\n",
    "        # Print gradients of the linear layer\n",
    "        gradients.append(grad)\n",
    "\n",
    "# Check shapes of your gradient. Note that only the linear layer has parameters\n",
    "# (4, 10) -> Layer 1 W\n",
    "# (10,)   -> Layer 1 b\n",
    "# (10, 3) -> Layer 2 W\n",
    "# (3,)    -> Layer 2 b\n"
   ]
  },
  {
   "cell_type": "code",
   "execution_count": 18,
   "metadata": {},
   "outputs": [
    {
     "name": "stdout",
     "output_type": "stream",
     "text": [
      "Difference in Gradient values 7.696251184963199e-09\n"
     ]
    }
   ],
   "source": [
    "# No need to edit anything in this block ( 20% of the above 40% )\n",
    "grad_w1 = np.array(\n",
    "    [\n",
    "        [\n",
    "            -6.24320917e-05,\n",
    "            3.41037180e-06,\n",
    "            -1.69125969e-05,\n",
    "            2.41514079e-05,\n",
    "            3.88697976e-06,\n",
    "            7.63842314e-05,\n",
    "            -8.88925758e-05,\n",
    "            3.34909890e-05,\n",
    "            -1.42758303e-05,\n",
    "            -4.74748560e-06,\n",
    "        ],\n",
    "        [\n",
    "            -7.16182867e-05,\n",
    "            4.63270039e-06,\n",
    "            -2.20344270e-05,\n",
    "            -2.72027034e-06,\n",
    "            6.52903437e-07,\n",
    "            8.97294847e-05,\n",
    "            -1.05981609e-04,\n",
    "            4.15825391e-05,\n",
    "            -2.12210745e-05,\n",
    "            3.06061658e-05,\n",
    "        ],\n",
    "        [\n",
    "            -1.69074923e-05,\n",
    "            -8.83185056e-06,\n",
    "            3.10730840e-05,\n",
    "            1.23010428e-05,\n",
    "            5.25830316e-05,\n",
    "            -7.82980115e-06,\n",
    "            3.02117990e-05,\n",
    "            -3.37645284e-05,\n",
    "            6.17276346e-05,\n",
    "            -1.10735656e-05,\n",
    "        ],\n",
    "        [\n",
    "            -4.35902272e-05,\n",
    "            3.71512704e-06,\n",
    "            -1.66837877e-05,\n",
    "            2.54069557e-06,\n",
    "            -4.33258099e-06,\n",
    "            5.72310022e-05,\n",
    "            -6.94881762e-05,\n",
    "            2.92408329e-05,\n",
    "            -1.89369767e-05,\n",
    "            2.01692516e-05,\n",
    "        ],\n",
    "    ]\n",
    ")\n",
    "grad_b1 = np.array(\n",
    "    [\n",
    "        -2.27150209e-06,\n",
    "        5.14674340e-07,\n",
    "        -2.04284403e-06,\n",
    "        6.08849787e-07,\n",
    "        -1.92177796e-06,\n",
    "        3.92085824e-06,\n",
    "        -5.40772636e-06,\n",
    "        2.93354593e-06,\n",
    "        -3.14568138e-06,\n",
    "        5.27501592e-11,\n",
    "    ]\n",
    ")\n",
    "\n",
    "grad_w2 = np.array(\n",
    "    [\n",
    "        [1.28932983e-04, 1.19946731e-04, -2.48879714e-04],\n",
    "        [1.08784150e-04, 1.55140199e-04, -2.63924349e-04],\n",
    "        [6.96017544e-05, 1.42748410e-04, -2.12350164e-04],\n",
    "        [9.92512487e-05, 1.73257611e-04, -2.72508860e-04],\n",
    "        [2.05484895e-05, 4.96161144e-05, -7.01646039e-05],\n",
    "        [8.20539510e-05, 9.37063861e-05, -1.75760337e-04],\n",
    "        [2.45831715e-05, 8.74369112e-05, -1.12020083e-04],\n",
    "        [1.34073379e-04, 1.86253064e-04, -3.20326443e-04],\n",
    "        [8.86473128e-05, 2.35554414e-04, -3.24201726e-04],\n",
    "        [3.57433149e-05, 1.91164061e-04, -2.26907376e-04],\n",
    "    ]\n",
    ")\n",
    "\n",
    "grad_b2 = np.array([-0.1666649, 0.13333828, 0.03332662])\n",
    "\n",
    "difference = (\n",
    "#     np.sum(np.abs(gradients[0] - grad_w1))\n",
    "#     + np.sum(np.abs(gradients[1] - grad_b1))\n",
    "#     + np.sum(np.abs(gradients[2] - grad_w2))\n",
    "    + np.sum(np.abs(gradients[3] - grad_b2))\n",
    ")\n",
    "print(\"Difference in Gradient values\", difference)\n"
   ]
  },
  {
   "cell_type": "markdown",
   "metadata": {},
   "source": [
    "## Train the complete network on the toy data. (30%)\n",
    "\n",
    "To train the network we will use stochastic gradient descent (SGD), we have implemented the optimizer for you. You do not implement any more functions in the python files. Below we implement the training procedure, you should get yourself familiar with the training process. Specifically looking at which functions to call and when.\n",
    "\n",
    "Once you have implemented the method and tested various parts in the above blocks, run the code below to train a two-layer network on toy data. You should see your training loss decrease below 0.01."
   ]
  },
  {
   "cell_type": "code",
   "execution_count": 7,
   "metadata": {},
   "outputs": [
    {
     "name": "stdout",
     "output_type": "stream",
     "text": [
      "[[0.33333514 0.33333826 0.33332661]\n",
      " [0.3333351  0.33333828 0.33332661]\n",
      " [0.3333351  0.33333828 0.33332662]\n",
      " [0.3333351  0.33333828 0.33332662]\n",
      " [0.33333509 0.33333829 0.33332662]\n",
      " [0.33333508 0.33333829 0.33332662]\n",
      " [0.33333511 0.33333828 0.33332661]\n",
      " [0.33333512 0.33333827 0.33332661]\n",
      " [0.33333508 0.33333829 0.33332662]\n",
      " [0.33333511 0.33333828 0.33332662]]\n",
      "1.098612723362578\n",
      "10 10\n",
      "10 4\n",
      "[[0.33891073 0.32889729 0.33219198]\n",
      " [0.33891075 0.32889744 0.33219181]\n",
      " [0.33891076 0.32889742 0.33219182]\n",
      " [0.33891075 0.32889744 0.33219181]\n",
      " [0.33891076 0.32889747 0.33219177]\n",
      " [0.33891077 0.3288975  0.33219173]\n",
      " [0.33891077 0.32889746 0.33219177]\n",
      " [0.33891074 0.32889735 0.33219191]\n",
      " [0.33891077 0.3288975  0.33219173]\n",
      " [0.33891076 0.32889742 0.33219182]]\n",
      "1.0940238351514926\n",
      "10 10\n",
      "10 4\n",
      "[[0.34433724 0.32461225 0.33105051]\n",
      " [0.34433733 0.32461253 0.33105014]\n",
      " [0.34433734 0.3246125  0.33105016]\n",
      " [0.34433733 0.32461252 0.33105014]\n",
      " [0.34433736 0.32461259 0.33105006]\n",
      " [0.34433738 0.32461265 0.33104997]\n",
      " [0.34433737 0.32461258 0.33105005]\n",
      " [0.34433729 0.32461236 0.33105035]\n",
      " [0.34433738 0.32461265 0.33104997]\n",
      " [0.34433734 0.32461249 0.33105017]]\n",
      "1.0897367817266053\n",
      "10 10\n",
      "10 4\n",
      "[[0.34961471 0.32047804 0.32990725]\n",
      " [0.34961489 0.32047851 0.3299066 ]\n",
      " [0.34961491 0.32047845 0.32990664]\n",
      " [0.34961491 0.32047849 0.32990661]\n",
      " [0.34961495 0.32047859 0.32990647]\n",
      " [0.349615   0.32047869 0.32990631]\n",
      " [0.34961497 0.32047859 0.32990644]\n",
      " [0.3496148  0.32047822 0.32990698]\n",
      " [0.349615   0.32047869 0.32990631]\n",
      " [0.34961491 0.32047842 0.32990667]]\n",
      "1.08573288255379\n",
      "10 10\n",
      "10 4\n",
      "[[0.35474361 0.31648968 0.32876671]\n",
      " [0.35474395 0.31649039 0.32876566]\n",
      " [0.35474396 0.31649031 0.32876573]\n",
      " [0.35474396 0.31649036 0.32876568]\n",
      " [0.35474404 0.3164905  0.32876546]\n",
      " [0.35474414 0.31649066 0.3287652 ]\n",
      " [0.35474407 0.31649052 0.32876542]\n",
      " [0.35474377 0.31648993 0.32876631]\n",
      " [0.35474414 0.31649066 0.3287652 ]\n",
      " [0.35474394 0.31649023 0.32876582]]\n",
      "1.081994419434922\n",
      "10 10\n",
      "10 4\n",
      "[[0.35972481 0.31264221 0.32763298]\n",
      " [0.3597254  0.31264331 0.32763129]\n",
      " [0.35972541 0.31264317 0.32763142]\n",
      " [0.35972541 0.31264324 0.32763135]\n",
      " [0.35972553 0.31264346 0.32763101]\n",
      " [0.3597257  0.31264371 0.32763059]\n",
      " [0.35972558 0.3126435  0.32763093]\n",
      " [0.35972505 0.31264256 0.32763239]\n",
      " [0.3597257  0.31264371 0.32763059]\n",
      " [0.35972535 0.31264303 0.32763163]]\n",
      "1.0785046031286978\n",
      "10 10\n",
      "10 4\n",
      "[[0.3645595  0.30893079 0.32650971]\n",
      " [0.3645605  0.30893247 0.32650703]\n",
      " [0.36456048 0.30893225 0.32650727]\n",
      " [0.3645605  0.30893235 0.32650715]\n",
      " [0.36456069 0.30893267 0.32650664]\n",
      " [0.36456097 0.30893306 0.32650597]\n",
      " [0.36456077 0.30893275 0.32650649]\n",
      " [0.36455987 0.30893128 0.32650885]\n",
      " [0.36456097 0.30893306 0.32650597]\n",
      " [0.36456035 0.30893198 0.32650767]]\n",
      "1.0752475302253828\n",
      "10 10\n",
      "10 4\n",
      "[[0.36924915 0.3053506  0.32540025]\n",
      " [0.36925082 0.30535317 0.32539601]\n",
      " [0.36925075 0.30535282 0.32539643]\n",
      " [0.36925078 0.30535297 0.32539624]\n",
      " [0.36925109 0.30535345 0.32539546]\n",
      " [0.36925156 0.30535404 0.3253944 ]\n",
      " [0.36925122 0.30535359 0.3253952 ]\n",
      " [0.3692497  0.30535129 0.32539901]\n",
      " [0.36925156 0.30535404 0.3253944 ]\n",
      " [0.36925048 0.30535236 0.32539717]]\n",
      "1.0722081376611292\n",
      "10 10\n",
      "10 4\n",
      "[[0.37379542 0.30189685 0.32430773]\n",
      " [0.37379818 0.3019008  0.32430102]\n",
      " [0.37379801 0.30190026 0.32430173]\n",
      " [0.37379808 0.30190048 0.32430144]\n",
      " [0.37379857 0.3019012  0.32430023]\n",
      " [0.37379934 0.30190212 0.32429854]\n",
      " [0.37379878 0.30190143 0.32429979]\n",
      " [0.37379625 0.30189785 0.3243059 ]\n",
      " [0.37379934 0.30190212 0.32429854]\n",
      " [0.3737975  0.30189948 0.32430302]]\n",
      "1.0693721432538705\n",
      "10 10\n",
      "10 4\n",
      "[[0.37820006 0.29856477 0.32323517]\n",
      " [0.37820462 0.29857084 0.32322454]\n",
      " [0.37820429 0.29857    0.32322571]\n",
      " [0.37820441 0.29857033 0.32322526]\n",
      " [0.3782052  0.2985714  0.32322339]\n",
      " [0.37820645 0.29857285 0.3232207 ]\n",
      " [0.37820555 0.2985718  0.32322266]\n",
      " [0.37820134 0.29856622 0.32323244]\n",
      " [0.37820645 0.29857285 0.3232207 ]\n",
      " [0.37820336 0.29856871 0.32322794]]\n",
      "1.0667259694683848\n",
      "10 10\n",
      "10 4\n",
      "[[0.38246482 0.29534948 0.3221857 ]\n",
      " [0.38247233 0.29535882 0.32216884]\n",
      " [0.38247173 0.29535754 0.32217073]\n",
      " [0.38247194 0.29535802 0.32217004]\n",
      " [0.38247321 0.29535964 0.32216715]\n",
      " [0.38247527 0.2953619  0.32216284]\n",
      " [0.38247378 0.29536028 0.32216594]\n",
      " [0.3824668  0.29535161 0.32218158]\n",
      " [0.38247527 0.2953619  0.32216284]\n",
      " [0.38247008 0.29535544 0.32217448]]\n",
      "1.0642566402054592\n",
      "10 10\n",
      "10 4\n",
      "[[0.38659123 0.29224593 0.32116283]\n",
      " [0.3866036  0.29226032 0.32113608]\n",
      " [0.38660255 0.29225839 0.32113906]\n",
      " [0.38660289 0.29225909 0.32113802]\n",
      " [0.38660495 0.29226152 0.32113353]\n",
      " [0.38660833 0.29226507 0.32112661]\n",
      " [0.38660589 0.29226256 0.32113156]\n",
      " [0.38659434 0.29224912 0.32115654]\n",
      " [0.38660833 0.29226507 0.32112661]\n",
      " [0.38659967 0.292255   0.32114532]]\n",
      "1.061951634502643\n",
      "10 10\n",
      "10 4\n",
      "[[0.39058031 0.28924876 0.32017093]\n",
      " [0.39060067 0.28927091 0.32012842]\n",
      " [0.39059889 0.28926804 0.32013307]\n",
      " [0.39059944 0.28926904 0.32013152]\n",
      " [0.39060277 0.28927272 0.32012451]\n",
      " [0.39060835 0.28927828 0.32011337]\n",
      " [0.39060431 0.28927435 0.32012133]\n",
      " [0.39058523 0.28925356 0.32016121]\n",
      " [0.39060835 0.28927828 0.32011337]\n",
      " [0.39059395 0.28926264 0.32014341]]\n",
      "1.059798670625192\n",
      "10 10\n",
      "10 4\n",
      "[[0.39443209 0.28635201 0.3192159 ]\n",
      " [0.39446562 0.2863861  0.31914828]\n",
      " [0.39446268 0.28638188 0.31915544]\n",
      " [0.39446357 0.28638328 0.31915315]\n",
      " [0.39446895 0.28638886 0.31914219]\n",
      " [0.39447822 0.28639759 0.31912419]\n",
      " [0.3944715  0.28639141 0.31913709]\n",
      " [0.39443998 0.28635931 0.31920072]\n",
      " [0.39447822 0.28639759 0.31912419]\n",
      " [0.39445429 0.28637332 0.31917239]]\n",
      "1.0577853769830752\n",
      "10 10\n",
      "10 4\n",
      "[[0.39814489 0.28354875 0.31830636]\n",
      " [0.39820014 0.28360118 0.31819867]\n",
      " [0.39819541 0.28359506 0.31820953]\n",
      " [0.39819677 0.28359702 0.31820621]\n",
      " [0.39820551 0.28360546 0.31818903]\n",
      " [0.39822094 0.28361918 0.31815988]\n",
      " [0.39820968 0.28360941 0.31818092]\n",
      " [0.39815765 0.28355993 0.31828242]\n",
      " [0.39822094 0.28361918 0.31815988]\n",
      " [0.39818121 0.28358158 0.31823722]]\n",
      "1.055898778415152\n",
      "10 10\n",
      "10 4\n",
      "[[0.401714   0.28083051 0.31745548]\n",
      " [0.40180512 0.28091112 0.31728376]\n",
      " [0.40179765 0.28090235 0.31729999]\n",
      " [0.4017997  0.28090505 0.31729525]\n",
      " [0.4018139  0.28091782 0.31726828]\n",
      " [0.40183968 0.28093939 0.31722094]\n",
      " [0.4018207  0.28092387 0.31725543]\n",
      " [0.40173486 0.28084774 0.3174174 ]\n",
      " [0.40183968 0.28093939 0.31722094]\n",
      " [0.40177372 0.2808812  0.31734508]]\n",
      "1.0541244808047403\n",
      "10 10\n",
      "10 4\n",
      "[[0.40512967 0.27818633 0.316684  ]\n",
      " [0.40528002 0.27831019 0.31640979]\n",
      " [0.40526851 0.27829784 0.31643365]\n",
      " [0.40527148 0.27830145 0.31642706]\n",
      " [0.40529457 0.27832078 0.31638465]\n",
      " [0.40533776 0.2783547  0.31630755]\n",
      " [0.40530562 0.27832998 0.3163644 ]\n",
      " [0.40516402 0.27821301 0.31662296]\n",
      " [0.40533776 0.2783547  0.31630755]\n",
      " [0.40522829 0.27826477 0.31650694]]\n",
      "1.052445362856095\n",
      "10 10\n",
      "10 4\n",
      "[[0.40837356 0.27560136 0.31602507]\n",
      " [0.4086218  0.27579156 0.31558664]\n",
      " [0.4086045  0.27577449 0.315621  ]\n",
      " [0.40860863 0.2757792  0.31561218]\n",
      " [0.40864619 0.27580842 0.31554539]\n",
      " [0.40871873 0.27586178 0.31541949]\n",
      " [0.40866407 0.27582231 0.31551363]\n",
      " [0.40843052 0.27564287 0.31592661]\n",
      " [0.40871873 0.27586178 0.31541949]\n",
      " [0.40853704 0.27572293 0.31574003]]\n",
      "1.0508394643730545\n",
      "10 10\n",
      "10 4\n",
      "[[0.41141301 0.27305466 0.31553232]\n",
      " [0.41182309 0.27334658 0.31483033]\n",
      " [0.41179788 0.27332355 0.31487857]\n",
      " [0.41180321 0.2733294  0.31486738]\n",
      " [0.41186434 0.27337352 0.31476214]\n",
      " [0.41198648 0.2734575  0.31455602]\n",
      " [0.41189314 0.27339437 0.31471249]\n",
      " [0.41150798 0.27311945 0.31537257]\n",
      " [0.41198648 0.2734575  0.31455602]\n",
      " [0.41168486 0.27324333 0.31507181]]\n",
      "1.0492765711012095\n",
      "10 10\n",
      "10 4\n",
      "[[0.41419134 0.27051582 0.31529284]\n",
      " [0.41486908 0.27096363 0.3141673 ]\n",
      " [0.41483379 0.27093351 0.31423271]\n",
      " [0.4148399  0.27094028 0.31421982]\n",
      " [0.41493933 0.27100683 0.31405384]\n",
      " [0.4151454  0.27113898 0.31371563]\n",
      " [0.41498554 0.27103792 0.31397654]\n",
      " [0.41435044 0.27061721 0.31503235]\n",
      " [0.4151454  0.27113898 0.31371563]\n",
      " [0.41464462 0.27080891 0.31454647]]\n",
      "1.04771270594726\n",
      "10 10\n",
      "10 4\n",
      "[[0.4166118  0.26793974 0.31544846]\n",
      " [0.4177323  0.26862635 0.31364136]\n",
      " [0.41768566 0.26858868 0.31372566]\n",
      " [0.41769088 0.26859554 0.31371358]\n",
      " [0.41785255 0.26869575 0.3134517 ]\n",
      " [0.41820071 0.26890362 0.31289567]\n",
      " [0.41792639 0.26874185 0.31333176]\n",
      " [0.41687933 0.26809875 0.31502192]\n",
      " [0.41820071 0.26890362 0.31289567]\n",
      " [0.41736925 0.26839543 0.31423532]]\n",
      "1.0460813187939357\n",
      "10 10\n",
      "10 4\n",
      "[[0.41851117 0.2652586  0.31623023]\n",
      " [0.42036386 0.26631101 0.31332512]\n",
      " [0.42030779 0.26626698 0.31342523]\n",
      " [0.42030776 0.26627186 0.31342038]\n",
      " [0.42057038 0.26642254 0.31300708]\n",
      " [0.42115904 0.26674927 0.31209169]\n",
      " [0.4206879  0.26649055 0.31282155]\n",
      " [0.41896227 0.2655084  0.31552934]\n",
      " [0.42115904 0.26674927 0.31209169]\n",
      " [0.41977888 0.26596762 0.3142535 ]]\n",
      "1.044279445783198\n",
      "10 10\n",
      "10 4\n",
      "[[0.41961678 0.26236947 0.31801374]\n",
      " [0.42267925 0.2639825  0.31333825]\n",
      " [0.42262339 0.26393674 0.31343988]\n",
      " [0.42260825 0.26393534 0.31345641]\n",
      " [0.42303429 0.26416152 0.31280419]\n",
      " [0.42402934 0.26467425 0.31129641]\n",
      " [0.42322078 0.26426145 0.31251776]\n",
      " [0.42037854 0.26276247 0.31685899]\n",
      " [0.42402934 0.26467425 0.31129641]\n",
      " [0.42174012 0.2634735  0.31478638]]\n",
      "1.0421466968293918\n",
      "10 10\n",
      "10 4\n",
      "[[0.41947881 0.25911508 0.32140611]\n",
      " [0.4245359  0.26158852 0.31387558]\n",
      " [0.42450642 0.2615521  0.31394148]\n",
      " [0.42445567 0.2615362  0.31400813]\n",
      " [0.42514542 0.26187511 0.31297947]\n",
      " [0.42682438 0.26267764 0.31049798]\n",
      " [0.42544099 0.26202174 0.31253727]\n",
      " [0.42076499 0.25973435 0.31950066]\n",
      " [0.42682438 0.26267764 0.31049798]\n",
      " [0.42303387 0.26083602 0.31613011]]\n",
      "1.0394354060126088\n",
      "10 10\n",
      "10 4\n",
      "[[0.41736905 0.25525396 0.32737699]\n",
      " [0.42570068 0.25905199 0.31524733]\n",
      " [0.42575519 0.25904692 0.31519789]\n",
      " [0.42562883 0.25900166 0.31536951]\n",
      " [0.4267421  0.25950867 0.31374924]\n",
      " [0.42956329 0.26075949 0.30967722]\n",
      " [0.42721156 0.25972442 0.31306403]\n",
      " [0.41953517 0.25623178 0.32423305]\n",
      " [0.42956329 0.26075949 0.30967722]\n",
      " [0.4233079  0.25794102 0.31875109]]\n",
      "1.0357738723687262\n",
      "10 10\n",
      "10 4\n",
      "[[0.41214707 0.25041473 0.3374382 ]\n",
      " [0.42580982 0.25626232 0.31792786]\n",
      " [0.42605917 0.25632724 0.31761359]\n",
      " [0.42578383 0.25622728 0.31798888]\n",
      " [0.42757207 0.2569847  0.31544322]\n",
      " [0.43227538 0.25892118 0.30880343]\n",
      " [0.42832383 0.25730549 0.31437068]\n",
      " [0.41577136 0.25196291 0.33226572]\n",
      " [0.43227538 0.25892118 0.30880343]\n",
      " [0.42201485 0.25462103 0.32336412]]\n",
      "1.0306366220386205\n",
      "10 10\n",
      "10 4\n",
      "[[0.40213481 0.24403191 0.35383328]\n",
      " [0.42434065 0.25306995 0.3225894 ]\n",
      " [0.42497065 0.25326474 0.32176461]\n",
      " [0.42442143 0.25306938 0.32250919]\n",
      " [0.427272   0.25419964 0.31852836]\n",
      " [0.43500581 0.25716595 0.30782823]\n",
      " [0.42849698 0.25468735 0.31681568]\n",
      " [0.40811797 0.24648932 0.34539271]\n",
      " [0.43500581 0.25716595 0.30782823]\n",
      " [0.41835366 0.25063621 0.33101013]]\n",
      "1.023365404582672\n",
      "10 10\n",
      "10 4\n",
      "[[0.38516123 0.23528661 0.37955217]\n",
      " [0.42065646 0.24929771 0.33004584]\n",
      " [0.42192013 0.24969863 0.32838124]\n",
      " [0.42090611 0.24934767 0.32974622]\n",
      " [0.42539401 0.25103181 0.32357418]\n",
      " [0.43782281 0.25549949 0.3066777 ]\n",
      " [0.42744839 0.25180141 0.3207502 ]\n",
      " [0.39478855 0.23918028 0.36603118]\n",
      " [0.43782281 0.25549949 0.3066777 ]\n",
      " [0.41127856 0.24566278 0.34305867]]\n",
      "1.0133368982324975\n",
      "10 10\n",
      "10 4\n",
      "[[0.35918863 0.22317956 0.41763181]\n",
      " [0.41426039 0.24480318 0.34093643]\n",
      " [0.41636482 0.24546664 0.33816855]\n",
      " [0.41464296 0.24488318 0.34047387]\n",
      " [0.42156694 0.24738138 0.33105168]\n",
      " [0.44082394 0.25393065 0.30524541]\n",
      " [0.4251402  0.24865665 0.32620315]\n",
      " [0.37397528 0.22924618 0.39677854]\n",
      " [0.44082394 0.25393065 0.30524541]\n",
      " [0.39973163 0.23932637 0.360942  ]]\n",
      "1.000399859083068\n",
      "10 10\n",
      "10 4\n",
      "[[0.32409374 0.20708237 0.46882389]\n",
      " [0.40541733 0.23964935 0.35493332]\n",
      " [0.4081912  0.24050515 0.35130365]\n",
      " [0.40555127 0.23961863 0.3548301 ]\n",
      " [0.41589539 0.24327388 0.34083073]\n",
      " [0.44413364 0.25247161 0.30339475]\n",
      " [0.42229656 0.24548177 0.33222166]\n",
      " [0.34509208 0.21607225 0.43883566]\n",
      " [0.44413364 0.25247161 0.30339475]\n",
      " [0.38332255 0.23137039 0.38530707]]\n",
      "0.985501786161533\n",
      "10 10\n",
      "10 4\n",
      "[[0.28410326 0.18800665 0.52789009]\n",
      " [0.39594956 0.23437168 0.36967875]\n",
      " [0.39831365 0.23503628 0.36665008]\n",
      " [0.39474404 0.23383659 0.37141937]\n",
      " [0.40948076 0.2390168  0.35150244]\n",
      " [0.44787659 0.25113556 0.30098785]\n",
      " [0.42094451 0.24287957 0.33617592]\n",
      " [0.31066809 0.20006693 0.48926497]\n",
      " [0.44787659 0.25113556 0.30098785]\n",
      " [0.36337734 0.22203602 0.41458664]]\n",
      "0.9707795047638728\n",
      "10 10\n",
      "10 4\n",
      "[[0.2473917  0.16930368 0.58330463]\n",
      " [0.38906423 0.23000214 0.38093363]\n",
      " [0.38882377 0.22968316 0.38149306]\n",
      " [0.38461022 0.22826656 0.38712322]\n",
      " [0.40435063 0.23521675 0.36043262]\n",
      " [0.45211772 0.2499289  0.29795339]\n",
      " [0.42396948 0.24168327 0.33434725]\n",
      " [0.27662291 0.18334761 0.54002949]\n",
      " [0.45211772 0.2499289  0.29795339]\n",
      " [0.34322822 0.21236932 0.44440246]]\n",
      "0.958224333459559\n",
      "10 10\n",
      "10 4\n",
      "[[0.22048686 0.15455708 0.62495606]\n",
      " [0.38719272 0.22738232 0.38542496]\n",
      " [0.38190338 0.2251903  0.39290632]\n",
      " [0.37740176 0.22369402 0.39890422]\n",
      " [0.40211333 0.23239006 0.36549661]\n",
      " [0.45680314 0.24884064 0.29435622]\n",
      " [0.43302737 0.24228006 0.32469257]\n",
      " [0.24858937 0.1686268  0.58278382]\n",
      " [0.45680314 0.24884064 0.29435622]\n",
      " [0.32634413 0.20373771 0.46991815]]\n",
      "0.9481460013092552\n",
      "10 10\n",
      "10 4\n",
      "[[0.20397313 0.14478866 0.65123821]\n",
      " [0.38997039 0.22640635 0.38362327]\n",
      " [0.37842155 0.22192594 0.39965251]\n",
      " [0.37360058 0.2203624  0.40603702]\n",
      " [0.40262332 0.23051464 0.36686204]\n",
      " [0.4617773  0.24784282 0.29037988]\n",
      " [0.44697401 0.24414192 0.30888407]\n",
      " [0.22805593 0.15712489 0.61481918]\n",
      " [0.4617773  0.24784282 0.29037988]\n",
      " [0.31394298 0.19682414 0.48923288]]\n",
      "0.9396872299631296\n",
      "10 10\n",
      "10 4\n",
      "[[0.1946803  0.13884009 0.66647961]\n",
      " [0.39502883 0.22626223 0.37870894]\n",
      " [0.37798792 0.219835   0.40217708]\n",
      " [0.3721721  0.21798592 0.40984198]\n",
      " [0.40442324 0.22914406 0.3664327 ]\n",
      " [0.46687339 0.24690512 0.28622148]\n",
      " [0.46168497 0.24586206 0.29245297]\n",
      " [0.21324053 0.14842179 0.63833769]\n",
      " [0.46687339 0.24690512 0.28622148]\n",
      " [0.30513673 0.19147348 0.50338979]]\n",
      "0.9324114593900528\n",
      "10 10\n",
      "10 4\n",
      "[[0.18511927 0.13266271 0.68221803]\n",
      " [0.38973529 0.22213021 0.3881345 ]\n",
      " [0.38194588 0.21950674 0.39854737]\n",
      " [0.36918407 0.21503159 0.41578434]\n",
      " [0.39916014 0.22517343 0.37566643]\n",
      " [0.47198537 0.24600684 0.28200779]\n",
      " [0.46412587 0.24370403 0.2921701 ]\n",
      " [0.20016336 0.14058482 0.65925182]\n",
      " [0.47198537 0.24600684 0.28200779]\n",
      " [0.29679681 0.18634692 0.51685627]]\n",
      "0.9265969114425077\n",
      "10 10\n",
      "10 4\n",
      "[[0.17828794 0.12949122 0.69222084]\n",
      " [0.37971484 0.21803254 0.40225262]\n",
      " [0.38924978 0.22067337 0.39007685]\n",
      " [0.36641036 0.21314374 0.4204459 ]\n",
      " [0.39080384 0.2214633  0.38773286]\n",
      " [0.47720741 0.24515574 0.27763685]\n",
      " [0.46267427 0.24202754 0.29529819]\n",
      " [0.1906629  0.13594073 0.67339637]\n",
      " [0.47720741 0.24515574 0.27763685]\n",
      " [0.29063032 0.18335324 0.52601644]]\n",
      "0.9209186885141185\n",
      "10 10\n",
      "10 4\n",
      "[[0.18006303 0.13252221 0.68741476]\n",
      " [0.38418643 0.21959842 0.39621514]\n",
      " [0.39515572 0.22199657 0.38284771]\n",
      " [0.36836899 0.21384712 0.41778388]\n",
      " [0.39244138 0.22177297 0.38578565]\n",
      " [0.48253276 0.24431932 0.27314792]\n",
      " [0.47457862 0.24292803 0.28249334]\n",
      " [0.1866734  0.13576231 0.67756429]\n",
      " [0.48253276 0.24431932 0.27314792]\n",
      " [0.28935754 0.18377951 0.52686295]]\n",
      "0.914629874906635\n",
      "10 10\n",
      "10 4\n",
      "[[0.17738569 0.13300092 0.68961339]\n",
      " [0.38109824 0.21805689 0.40084487]\n",
      " [0.40154058 0.2235592  0.37490022]\n",
      " [0.36757102 0.21355668 0.4188723 ]\n",
      " [0.38910474 0.22015321 0.39074205]\n",
      " [0.48772508 0.24345455 0.26882037]\n",
      " [0.48228844 0.24233356 0.27537801]\n",
      " [0.18030547 0.13433969 0.68535483]\n",
      " [0.48772508 0.24345455 0.26882037]\n",
      " [0.28627843 0.18345403 0.53026754]]\n",
      "0.9084459445196548\n",
      "10 10\n",
      "10 4\n",
      "[[0.17158289 0.13317745 0.69523966]\n",
      " [0.36841556 0.21543378 0.41615066]\n",
      " [0.40979135 0.22564037 0.36456828]\n",
      " [0.36418817 0.21341397 0.42239786]\n",
      " [0.37946434 0.21813444 0.40240121]\n",
      " [0.49270638 0.24260055 0.26469307]\n",
      " [0.47946525 0.24073862 0.27979613]\n",
      " [0.17315211 0.13364517 0.69320272]\n",
      " [0.4928915  0.24257835 0.26453015]\n",
      " [0.28231685 0.1838561  0.53382705]]\n",
      "0.9027084593727036\n",
      "10 10\n",
      "10 4\n",
      "[[0.16951493 0.13674318 0.69374189]\n",
      " [0.36142614 0.21562745 0.42294641]\n",
      " [0.41758271 0.22782033 0.35459696]\n",
      " [0.36282144 0.21479927 0.42237928]\n",
      " [0.37409225 0.2183268  0.40758095]\n",
      " [0.49815296 0.24167434 0.2601727 ]\n",
      " [0.48511371 0.24096895 0.27391734]\n",
      " [0.16894775 0.13585004 0.69520221]\n",
      " [0.49815296 0.24167434 0.2601727 ]\n",
      " [0.28121803 0.1865344  0.53224757]]\n",
      "0.8957943789699325\n",
      "10 10\n",
      "10 4\n",
      "[[0.16958045 0.14200996 0.68840958]\n",
      " [0.36111832 0.21781059 0.42107109]\n",
      " [0.42368389 0.22969213 0.34662398]\n",
      " [0.36281357 0.21694369 0.42024274]\n",
      " [0.37354603 0.22001618 0.40643779]\n",
      " [0.5033921  0.24071751 0.25589039]\n",
      " [0.49413254 0.24047599 0.26539147]\n",
      " [0.16579697 0.13929922 0.69490381]\n",
      " [0.5033921  0.24071751 0.25589039]\n",
      " [0.28186812 0.1903268  0.52780508]]\n",
      "0.8892731346489232\n",
      "10 10\n",
      "10 4\n",
      "[[0.16049012 0.14254829 0.6969616 ]\n",
      " [0.33975033 0.21513883 0.44511084]\n",
      " [0.43282163 0.23163209 0.33554628]\n",
      " [0.35634998 0.21764605 0.42600397]\n",
      " [0.35894038 0.21876584 0.42229378]\n",
      " [0.50700424 0.23979433 0.25320144]\n",
      " [0.49114417 0.23969532 0.2691605 ]\n",
      " [0.15842645 0.14048687 0.70108668]\n",
      " [0.50853516 0.23970355 0.25176129]\n",
      " [0.27863461 0.19268184 0.52868355]]\n",
      "0.8821317632898181\n",
      "10 10\n",
      "10 4\n",
      "[[0.15496756 0.14774199 0.69729045]\n",
      " [0.32873592 0.21831516 0.45294891]\n",
      " [0.43924173 0.23322875 0.32752951]\n",
      " [0.35268175 0.22078161 0.42653663]\n",
      " [0.35187367 0.22174889 0.42637744]\n",
      " [0.51222529 0.23864095 0.24913376]\n",
      " [0.4880026  0.2405675  0.2714299 ]\n",
      " [0.15342415 0.14522426 0.70135159]\n",
      " [0.5138454  0.23863419 0.24752041]\n",
      " [0.27765391 0.19772241 0.52462368]]\n",
      "0.8756469671191192\n",
      "10 10\n",
      "10 4\n",
      "[[0.14431684 0.14924263 0.70644053]\n",
      " [0.30887907 0.21785868 0.47326225]\n",
      " [0.44577966 0.23470174 0.3195186 ]\n",
      " [0.34601479 0.22289315 0.43109205]\n",
      " [0.3392024  0.22253942 0.43825817]\n",
      " [0.51257771 0.23820649 0.2492158 ]\n",
      " [0.47978848 0.24033117 0.27988035]\n",
      " [0.14618865 0.1481922  0.70561915]\n",
      " [0.51921509 0.23746704 0.24331786]\n",
      " [0.27440167 0.20135487 0.52424347]]\n",
      "0.8705357176252306\n",
      "10 10\n",
      "10 4\n",
      "[[0.14043187 0.15545236 0.70411577]\n",
      " [0.29376406 0.21968933 0.48654661]\n",
      " [0.4549564  0.23615369 0.30888991]\n",
      " [0.34283121 0.22640555 0.43076324]\n",
      " [0.33044422 0.22503974 0.44451604]\n",
      " [0.52139949 0.23659358 0.24200693]\n",
      " [0.48092042 0.24063419 0.27844539]\n",
      " [0.14486093 0.15523262 0.69990645]\n",
      " [0.52478187 0.23621203 0.23900609]\n",
      " [0.27726801 0.20732877 0.51540321]]\n",
      "0.8617747666641515\n",
      "10 10\n",
      "10 4\n",
      "[[0.13966927 0.16454673 0.695784  ]\n",
      " [0.29383831 0.22697397 0.47918772]\n",
      " [0.45932795 0.23704199 0.30363005]\n",
      " [0.34281323 0.23119148 0.42599529]\n",
      " [0.33268714 0.23078102 0.43653184]\n",
      " [0.51711275 0.23681444 0.24607281]\n",
      " [0.49303082 0.23996952 0.26699966]\n",
      " [0.14432078 0.16355774 0.69212147]\n",
      " [0.53035024 0.2348659  0.23478386]\n",
      " [0.28216783 0.21402516 0.50380701]]\n",
      "0.8551172353834797\n",
      "10 10\n",
      "10 4\n",
      "[[0.12497085 0.16410175 0.7109274 ]\n",
      " [0.26777517 0.22720992 0.5050149 ]\n",
      " [0.46488719 0.23739076 0.29772204]\n",
      " [0.332938   0.23369009 0.43337191]\n",
      " [0.31636889 0.23246751 0.4511636 ]\n",
      " [0.52194894 0.23561402 0.24243704]\n",
      " [0.47934971 0.24173381 0.27891648]\n",
      " [0.13541598 0.16565844 0.69892557]\n",
      " [0.53581445 0.23341579 0.23076976]\n",
      " [0.27807559 0.21695323 0.50497117]]\n",
      "0.8486262136672318\n",
      "10 10\n",
      "10 4\n",
      "[[0.12139137 0.17165619 0.70695244]\n",
      " [0.26015973 0.23406923 0.50577103]\n",
      " [0.4700737  0.23765882 0.29226749]\n",
      " [0.3311625  0.23844548 0.43039202]\n",
      " [0.3140189  0.23803048 0.44795063]\n",
      " [0.52805633 0.23534427 0.2365994 ]\n",
      " [0.48405639 0.24321847 0.27272513]\n",
      " [0.13476543 0.17338521 0.69184936]\n",
      " [0.54155128 0.23186728 0.22658144]\n",
      " [0.2828763  0.22235477 0.49476894]]\n",
      "0.8399039192817614\n",
      "10 10\n",
      "10 4\n",
      "[[0.12068259 0.18124939 0.69806803]\n",
      " [0.25451704 0.2408057  0.50467725]\n",
      " [0.47721678 0.23796429 0.28481893]\n",
      " [0.33037297 0.24304545 0.42658158]\n",
      " [0.31379914 0.24273766 0.4434632 ]\n",
      " [0.51721658 0.23748023 0.24530319]\n",
      " [0.49590066 0.24298925 0.2611101 ]\n",
      " [0.13668446 0.18190489 0.68141065]\n",
      " [0.54723125 0.23021658 0.22255217]\n",
      " [0.29250302 0.22740069 0.4800963 ]]\n",
      "0.8327062806233784\n",
      "10 10\n",
      "10 4\n",
      "Epoch 50, loss=0.832706\n",
      "[[0.09829668 0.18109888 0.72060444]\n",
      " [0.21043647 0.24647315 0.54309039]\n",
      " [0.48367062 0.23700549 0.27932389]\n",
      " [0.31242792 0.24829584 0.43927624]\n",
      " [0.28277211 0.24939859 0.4678293 ]\n",
      " [0.54420106 0.22866366 0.22713528]\n",
      " [0.43518161 0.25934982 0.30546857]\n",
      " [0.12296205 0.18388964 0.69314831]\n",
